01021,1
01041,2
01073,3
01094,4
01118,5
01225,6
01254,7
01337,8
01366,9
01440,10
01474,11
01522,12
01543,13
01588,14
01653,15
01746,16
01803,17
01840,18
01867,19
01907,20
01949,21
02020,22
02051,23
02090,24
02123,25
02140,26
02171,27
02206,28
02302,29
02341,30
02362,31
02453,32
02474,33
02538,34
02568,35
02642,36
02662,37
02715,38
02744,39
02779,40
02817,41
02838,42
02873,43
02892,44
02912,45
03040,46
03061,47
03104,48
03226,49
03247,50
03268,51
03293,52
03446,53
03468,54
03589,55
03743,56
03771,57
03812,58
03832,59
03850,60
03868,61
03896,62
04005,63
04027,64
04049,65
04073,66
04094,67
04122,68
04228,69
04257,70
04281,71
04341,72
04359,73
04419,74
04444,75
04469,76
04493,77
04554,78
04579,79
04627,80
04652,81
04675,82
04735,83
04758,84
04780,85
04856,86
04920,87
04939,88
04958,89
04979,90
05034,91
05052,92
05073,93
05143,94
05252,95
05345,96
05402,97
05449,98
05466,99
05487,100
05640,101
05663,102
05681,103
05743,104
05765,105
05823,106
05843,107
05866,108
06006,109
06030,110
06057,111
06074,112
06092,113
06112,114
06138,115
06161,116
06242,117
06263,118
06333,119
06370,120
06389,121
06419,122
06455,123
06479,124
06503,125
06520,126
06605,127
06708,128
06755,129
06786,130
06814,131
06854,132
06890,133
06922,134
07015,135
07033,136
07055,137
07073,138
07093,139
07112,140
07206,141
07407,142
07439,143
07474,144
07514,145
07624,146
07650,147
07703,148
07728,149
07753,150
07821,151
07840,152
07863,153
07901,154
07939,155
07999,156
08019,157
08037,158
08057,159
08075,160
08093,161
08201,162
08225,163
08252,164
08323,165
08349,166
08510,167
08541,168
08602,169
08640,170
08724,171
08754,172
08817,173
08835,174
08863,175
08887,176
10006,177
10024,178
10041,179
10105,180
10122,181
10155,182
10172,183
10258,184
10280,185
10313,186
10466,187
10509,188
10530,189
10551,190
10589,191
10702,192
10912,193
10930,194
10964,195
10986,196
11020,197
11101,198
11210,199
11228,200
11249,201
11365,202
11386,203
11426,204
11510,205
11555,206
11577,207
11702,208
11722,209
11743,210
11766,211
11786,212
11815,213
11947,214
11964,215
12010,216
12035,217
12057,218
12074,219
12106,220
12132,221
12154,222
12174,223
12194,224
12214,225
12237,226
12257,227
12404,228
12423,229
12443,230
12463,231
12484,232
12506,233
12525,234
12546,235
12570,236
12592,237
12732,238
12752,239
12777,240
12804,241
12828,242
12848,243
12865,244
12911,245
12929,246
12952,247
12973,248
12996,249
13036,250
13062,251
13083,252
13113,253
13136,254
13156,255
13207,256
13250,257
13316,258
13334,259
13357,260
13410,261
13437,262
13465,263
13486,264
13603,265
13623,266
13641,267
13660,268
13678,269
13699,270
13749,271
13777,272
13804,273
13833,274
13856,275
14008,276
14033,277
14056,278
14081,279
14110,280
14139,281
14201,282
14218,283
14263,284
14413,285
14437,286
14469,287
14502,288
14521,289
14544,290
14568,291
14607,292
14624,293
14694,294
14721,295
14740,296
14760,297
14787,298
14817,299
14840,300
14860,301
14881,302
14903,303
15020,304
15043,305
15062,306
15083,307
15112,308
15142,309
15211,310
15228,311
15250,312
15272,313
15312,314
15333,315
15352,316
15378,317
15425,318
15444,319
15464,320
15483,321
15533,322
15551,323
15610,324
15628,325
15650,326
15675,327
15692,328
15721,329
15741,330
15762,331
15783,332
15846,333
15902,334
15930,335
15953,336
16020,337
16040,338
16063,339
16121,340
16146,341
16213,342
16235,343
16258,344
16326,345
16350,346
16373,347
16417,348
16441,349
16514,350
16611,351
16635,352
16656,353
16674,354
16695,355
16738,356
16823,357
16843,358
16863,359
16901,360
16932,361
17002,362
17020,363
17038,364
17055,365
17072,366
17090,367
17112,368
17210,369
17232,370
17253,371
17302,372
17321,373
17345,374
17368,375
17505,376
17533,377
17560,378
17581,379
17702,380
17742,381
17768,382
17822,383
17844,384
17866,385
17889,386
17943,387
17966,388
18011,389
18038,390
18059,391
18078,392
18104,393
18223,394
18247,395
18326,396
18347,397
18407,398
18431,399
18451,400
18470,401
18519,402
18623,403
18644,404
18708,405
18816,406
18834,407
18911,408
18930,409
18953,410
18976,411
19014,412
19032,413
19052,414
19074,415
19093,416
19112,417
19130,418
19147,419
19176,420
19196,421
19339,422
19358,423
19383,424
19423,425
19446,426
19475,427
19505,428
19533,429
19555,430
19611,431
19718,432
19806,433
19897,434
19941,435
19963,436
20005,437
20026,438
20047,439
20067,440
20102,441
20121,442
20143,443
20166,444
20187,445
20208,446
20227,447
20254,448
20318,449
20392,450
20413,451
20433,452
20469,453
20521,454
20539,455
20560,456
20591,457
20615,458
20634,459
20662,460
20690,461
20715,462
20737,463
20755,464
20777,465
20811,466
20841,467
20868,468
20892,469
20912,470
21018,471
21043,472
21071,473
21105,474
21140,475
21203,476
21220,477
21239,478
21284,479
21501,480
21539,481
21612,482
21636,483
21656,484
21673,485
21715,486
21746,487
21773,488
21793,489
21826,490
21857,491
21904,492
22025,493
22044,494
22116,495
22161,496
22205,497
22240,498
22311,499
22407,500
22454,501
22507,502
22539,503
22570,504
22624,505
22654,506
22720,507
22738,508
22815,509
22846,510
22911,511
22947,512
22974,513
23023,514
23058,515
23079,516
23109,517
23129,518
23161,519
23187,520
23231,521
23274,522
23298,523
23324,524
23395,525
23417,526
23436,527
23459,528
23501,529
23523,530
23661,531
23701,532
23828,533
23846,534
23879,535
23909,536
23942,537
23970,538
24015,539
24033,540
24062,541
24084,542
24113,543
24137,544
24165,545
24211,546
24243,547
24273,548
24317,549
24351,550
24402,551
24440,552
24472,553
24506,554
24535,555
24563,556
24590,557
24612,558
24646,559
24732,560
24822,561
24849,562
24872,563
24910,564
24951,565
25002,566
25033,567
25061,568
25093,569
25124,570
25156,571
25187,572
25241,573
25268,574
25313,575
25333,576
25387,577
25423,578
25502,579
25526,580
25564,581
25624,582
25653,583
25691,584
25714,585
25770,586
25818,587
25846,588
25875,589
25917,590
25969,591
26034,592
26074,593
26143,594
26175,595
26219,596
26261,597
26287,598
26330,599
26372,600
26421,601
26451,602
26531,603
26568,604
26610,605
26667,606
26716,607
26801,608
26851,609
27018,610
27046,611
27105,612
27155,613
27217,614
27256,615
27291,616
27316,617
27355,618
27403,619
27427,620
27509,621
27526,622
27545,623
27571,624
27594,625
27614,626
27636,627
27704,628
27805,629
27822,630
27840,631
27860,632
27877,633
27894,634
27925,635
27947,636
27969,637
28007,638
28033,639
28071,640
28091,641
28114,642
28137,643
28169,644
28214,645
28232,646
28258,647
28282,648
28308,649
28331,650
28350,651
28369,652
28387,653
28407,654
28433,655
28453,656
28470,657
28518,658
28538,659
28560,660
28583,661
28610,662
28629,663
28649,664
28666,665
28684,666
28707,667
28724,668
28741,669
28758,670
28778,671
28803,672
29002,673
29038,674
29059,675
29082,676
29125,677
29150,678
29177,679
29216,680
29260,681
29325,682
29353,683
29384,684
29415,685
29436,686
29457,687
29482,688
29512,689
29546,690
29572,691
29591,692
29611,693
29631,694
29649,695
29669,696
29687,697
29710,698
29732,699
29813,700
29839,701
29899,702
29920,703
29939,704
30013,705
30032,706
30049,707
30071,708
30090,709
30108,710
30125,711
30146,712
30168,713
30188,714
30229,715
30259,716
30281,717
30302,718
30319,719
30339,720
30359,721
30385,722
30424,723
30450,724
30474,725
30517,726
30537,727
30558,728
30581,729
30621,730
30643,731
30671,732
30724,733
30747,734
30812,735
30903,736
31006,737
31023,738
31040,739
31061,740
31081,741
31098,742
31196,743
31294,744
31316,745
31404,746
31502,747
31533,748
31554,749
31601,750
31634,751
31702,752
31730,753
31765,754
31788,755
31808,756
31831,757
31997,758
32035,759
32061,760
32085,761
32115,762
32132,763
32158,764
32181,765
32207,766
32226,767
32246,768
32306,769
32324,770
32345,771
32399,772
32422,773
32442,774
32464,775
32520,776
32542,777
32570,778
32608,779
32631,780
32664,781
32704,782
32724,783
32751,784
32774,785
32796,786
32816,787
32834,788
32869,789
32907,790
32935,791
32960,792
33008,793
33025,794
33043,795
33069,796
33101,797
33132,798
33150,799
33168,800
33186,801
33233,802
33296,803
33316,804
33334,805
33402,806
33419,807
33437,808
33462,809
33480,810
33511,811
33543,812
33570,813
33595,814
33614,815
33634,816
33679,817
33707,818
33737,819
33764,820
33782,821
33820,822
33845,823
33863,824
33888,825
33913,826
33935,827
33960,828
33993,829
34117,830
34202,831
34221,832
34241,833
34277,834
34421,835
34451,836
34480,837
34607,838
34661,839
34691,840
34740,841
34762,842
34948,843
34984,844
35011,845
35040,846
35061,847
35087,848
35123,849
35147,850
35183,851
35212,852
35232,853
35261,854
35402,855
35456,856
35476,857
35543,858
35570,859
35592,860
35620,861
35652,862
35744,863
35762,864
35804,865
35896,866
35957,867
35978,868
36013,869
36034,870
36053,871
36081,872
36109,873
36131,874
36253,875
36272,876
36313,877
36349,878
36425,879
36455,880
36483,881
36527,882
36548,883
36572,884
36603,885
36633,886
36702,887
36749,888
36773,889
36832,890
36867,891
36915,892
37023,893
37042,894
37062,895
37079,896
37111,897
37137,898
37162,899
37188,900
37214,901
37236,902
37309,903
37327,904
37345,905
37364,906
37383,907
37407,908
37602,909
37650,910
37687,911
37716,912
37742,913
37769,914
37811,915
37840,916
37864,917
37882,918
37919,919
37950,920
38017,921
38042,922
38063,923
38105,924
38125,925
38150,926
38184,927
38230,928
38258,929
38317,930
38339,931
38361,932
38380,933
38453,934
38475,935
38541,936
38559,937
38579,938
38617,939
38635,940
38658,941
38679,942
38732,943
38760,944
38801,945
38841,946
38863,947
38902,948
38935,949
38958,950
39045,951
39073,952
39097,953
39140,954
39162,955
39182,956
39210,957
39284,958
39325,959
39350,960
39403,961
39442,962
39475,963
39522,964
39562,965
39602,966
39654,967
39710,968
39754,969
39819,970
39851,971
40007,972
40032,973
40058,974
40104,975
40145,976
40178,977
40217,978
40245,979
40281,980
40311,981
40347,982
40372,983
40410,984
40468,985
40508,986
40546,987
40602,988
40742,989
40816,990
40849,991
40915,992
40958,993
41005,994
41034,995
41055,996
41085,997
41128,998
41171,999
41226,1000
41267,1001
41365,1002
41477,1003
41535,1004
41560,1005
41612,1006
41650,1007
41722,1008
41760,1009
41819,1010
41843,1011
42023,1012
42045,1013
42070,1014
42122,1015
42154,1016
42211,1017
42259,1018
42320,1019
42344,1020
42370,1021
42431,1022
42460,1023
42558,1024
42701,1025
42733,1026
42776,1027
43015,1028
43035,1029
43062,1030
43082,1031
43115,1032
43144,1033
43164,1034
43216,1035
43235,1036
43314,1037
43334,1038
43356,1039
43431,1040
43450,1041
43504,1042
43526,1043
43547,1044
43570,1045
43617,1046
43699,1047
43730,1048
43755,1049
43779,1050
43824,1051
43908,1052
43933,1053
43952,1054
43984,1055
44028,1056
44053,1057
44077,1058
44099,1059
44117,1060
44134,1061
44190,1062
44216,1063
44243,1064
44275,1065
44308,1066
44334,1067
44417,1068
44440,1069
44473,1070
44507,1071
44613,1072
44633,1073
44653,1074
44676,1075
44699,1076
44735,1077
44822,1078
44845,1079
44865,1080
44902,1081
45030,1082
45061,1083
45111,1084
45142,1085
45166,1086
45209,1087
45227,1088
45245,1089
45269,1090
45307,1091
45325,1092
45343,1093
45362,1094
45384,1095
45415,1096
45437,1097
45503,1098
45628,1099
45651,1100
45675,1101
45695,1102
45723,1103
45761,1104
45783,1105
45814,1106
45837,1107
45858,1108
45875,1109
45894,1110
46031,1111
46051,1112
46072,1113
46115,1114
46140,1115
46162,1116
46184,1117
46220,1118
46241,1119
46275,1120
46308,1121
46347,1122
46376,1123
46404,1124
46514,1125
46542,1126
46571,1127
46626,1128
46714,1129
46748,1130
46776,1131
46794,1132
46816,1133
46861,1134
46903,1135
46929,1136
46950,1137
46977,1138
46998,1139
47030,1140
47106,1141
47126,1142
47146,1143
47190,1144
47235,1145
47273,1146
47326,1147
47351,1148
47371,1149
47396,1150
47433,1151
47455,1152
47513,1153
47536,1154
47564,1155
47591,1156
47631,1157
47701,1158
47722,1159
47803,1160
47845,1161
47863,1162
47885,1163
47925,1164
47952,1165
47974,1166
47994,1167
48022,1168
48042,1169
48065,1170
48084,1171
48104,1172
48122,1173
48141,1174
48165,1175
48185,1176
48206,1177
48223,1178
48240,1179
48288,1180
48318,1181
48336,1182
48366,1183
48397,1184
48427,1185
48446,1186
48467,1187
48509,1188
48605,1189
48622,1190
48640,1191
48663,1192
48725,1193
48743,1194
48763,1195
48813,1196
48832,1197
48850,1198
48870,1199
48887,1200
48912,1201
49002,1202
49019,1203
49037,1204
49057,1205
49076,1206
49094,1207
49117,1208
49228,1209
49248,1210
49266,1211
49287,1212
49317,1213
49336,1214
49357,1215
49419,1216
49440,1217
49458,1218
49512,1219
49599,1220
49626,1221
49644,1222
49666,1223
49689,1224
49720,1225
49739,1226
49761,1227
49784,1228
49812,1229
49835,1230
49862,1231
49883,1232
49911,1233
49935,1234
49964,1235
50012,1236
50036,1237
50055,1238
50072,1239
50111,1240
50131,1241
50148,1242
50166,1243
50216,1244
50235,1245
50254,1246
50274,1247
50313,1248
50331,1249
50380,1250
50428,1251
50450,1252
50469,1253
50511,1254
50530,1255
50552,1256
50573,1257
50594,1258
50614,1259
50634,1260
50655,1261
50674,1262
50836,1263
50859,1264
51006,1265
51026,1266
51046,1267
51102,1268
51240,1269
51341,1270
51401,1271
51450,1272
51503,1273
51537,1274
51557,1275
51578,1276
51648,1277
52036,1278
52054,1279
52078,1280
52154,1281
52172,1282
52216,1283
52236,1284
52257,1285
52321,1286
52339,1287
52359,1288
52501,1289
52553,1290
52573,1291
52619,1292
52642,1293
52660,1294
52739,1295
52760,1296
52804,1297
53013,1298
53033,1299
53052,1300
53075,1301
53095,1302
53121,1303
53146,1304
53172,1305
53194,1306
53216,1307
53259,1308
53408,1309
53521,1310
53540,1311
53558,1312
53578,1313
53597,1314
53718,1315
53791,1316
53816,1317
53923,1318
53941,1319
53959,1320
54010,1321
54101,1322
54125,1323
54151,1324
54174,1325
54215,1326
54247,1327
54405,1328
54423,1329
54442,1330
54463,1331
54484,1332
54513,1333
54537,1334
54558,1335
54614,1336
54632,1337
54651,1338
54670,1339
54733,1340
54751,1341
54770,1342
54821,1343
54842,1344
54862,1345
54893,1346
54923,1347
54944,1348
54967,1349
54990,1350
55019,1351
55042,1352
55066,1353
55084,1354
55111,1355
55128,1356
55302,1357
55319,1358
55337,1359
55355,1360
55373,1361
55390,1362
55411,1363
55428,1364
55445,1365
55479,1366
55572,1367
55601,1368
55706,1369
55725,1370
55749,1371
55772,1372
55796,1373
55901,1374
55925,1375
55946,1376
55965,1377
55987,1378
56020,1379
56037,1380
56058,1381
56084,1382
56116,1383
56138,1384
56157,1385
56175,1386
56215,1387
56235,1388
56258,1389
56281,1390
56303,1391
56323,1392
56341,1393
56361,1394
56382,1395
56433,1396
56453,1397
56477,1398
56522,1399
56543,1400
56563,1401
56581,1402
56626,1403
56651,1404
56671,1405
56711,1406
56733,1407
56758,1408
57006,1409
57028,1410
57046,1411
57065,1412
57106,1413
57218,1414
57239,1415
57261,1416
57311,1417
57332,1418
57356,1419
57376,1420
57427,1421
57448,1422
57471,1423
57532,1424
57560,1425
57585,1426
57641,1427
57702,1428
57738,1429
57763,1430
57790,1431
58015,1432
58043,1433
58063,1434
58104,1435
58207,1436
58231,1437
58257,1438
58277,1439
58330,1440
58357,1441
58384,1442
58428,1443
58454,1444
58480,1445
58504,1446
58541,1447
58569,1448
58625,1449
58647,1450
58712,1451
58741,1452
58769,1453
58790,1454
58852,1455
59016,1456
59036,1457
59061,1458
59078,1459
59107,1460
59221,1461
59254,1462
59312,1463
59337,1464
59406,1465
59433,1466
59456,1467
59480,1468
59528,1469
59620,1470
59644,1471
59720,1472
59743,1473
59771,1474
59828,1475
59848,1476
59872,1477
59920,1478
60001,1479
60019,1480
60042,1481
60067,1482
60085,1483
60104,1484
60122,1485
60141,1486
60160,1487
60180,1488
60199,1489
60406,1490
60426,1491
60444,1492
60461,1493
60478,1494
60510,1495
60530,1496
60550,1497
60568,1498
60612,1499
60630,1500
60649,1501
60674,1502
60695,1503
60913,1504
60933,1505
60953,1506
60973,1507
61024,1508
61048,1509
61070,1510
61101,1511
61131,1512
61243,1513
61270,1514
61311,1515
61328,1516
61348,1517
61371,1518
61416,1519
61434,1520
61454,1521
61476,1522
61519,1523
61540,1524
61561,1525
61607,1526
61639,1527
61721,1528
61738,1529
61756,1530
61791,1531
61824,1532
61848,1533
61870,1534
61914,1535
61942,1536
62014,1537
62033,1538
62056,1539
62079,1540
62097,1541
62221,1542
62243,1543
62261,1544
62281,1545
62312,1546
62340,1547
62359,1548
62410,1549
62432,1550
62450,1551
62473,1552
62519,1553
62539,1554
62558,1555
62617,1556
62640,1557
62667,1558
62691,1559
62719,1560
62777,1561
62816,1562
62834,1563
62853,1564
62871,1565
62889,1566
62908,1567
62928,1568
62950,1569
62967,1570
62990,1571
63016,1572
63037,1573
63056,1574
63087,1575
63112,1576
63129,1577
63147,1578
63180,1579
63341,1580
63363,1581
63385,1582
63440,1583
63460,1584
63532,1585
63551,1586
63623,1587
63650,1588
63702,1589
63750,1590
63780,1591
63829,1592
63855,1593
63880,1594
63943,1595
63967,1596
64029,1597
64060,1598
64077,1599
64098,1600
64121,1601
64141,1602
64162,1603
64196,1604
64432,1605
64453,1606
64474,1607
64493,1608
64623,1609
64644,1610
64661,1611
64689,1612
64742,1613
64767,1614
64804,1615
64853,1616
64874,1617
65035,1618
65054,1619
65077,1620
65109,1621
65236,1622
65260,1623
65285,1624
65332,1625
65355,1626
65457,1627
65534,1628
65566,1629
65606,1630
65624,1631
65645,1632
65664,1633
65689,1634
65721,1635
65739,1636
65762,1637
65783,1638
65808,1639
66015,1640
66039,1641
66058,1642
66083,1643
66106,1644
66207,1645
66224,1646
66408,1647
66427,1648
66505,1649
66526,1650
66546,1651
66612,1652
66675,1653
66734,1654
66757,1655
66779,1656
66849,1657
66866,1658
66941,1659
66962,1660
67016,1661
67037,1662
67059,1663
67104,1664
67127,1665
67152,1666
67213,1667
67275,1668
67346,1669
67416,1670
67442,1671
67460,1672
67487,1673
67520,1674
67553,1675
67575,1676
67631,1677
67651,1678
67674,1679
67745,1680
67836,1681
67859,1682
67882,1683
68014,1684
68036,1685
68059,1686
68104,1687
68123,1688
68147,1689
68303,1690
68324,1691
68342,1692
68361,1693
68382,1694
68420,1695
68442,1696
68462,1697
68514,1698
68588,1699
68636,1700
68659,1701
68716,1702
68734,1703
68755,1704
68774,1705
68801,1706
68826,1707
68846,1708
68865,1709
68920,1710
68939,1711
68958,1712
68979,1713
69033,1714
69122,1715
69144,1716
69163,1717
69219,1718
69348,1719
70002,1720
70041,1721
70063,1722
70083,1723
70117,1724
70143,1725
70164,1726
70186,1727
70353,1728
70380,1729
70427,1730
70449,1731
70466,1732
70513,1733
70531,1734
70552,1735
70581,1736
70609,1737
70645,1738
70663,1739
70723,1740
70747,1741
70767,1742
70788,1743
70814,1744
70837,1745
71007,1746
71037,1747
71061,1748
71101,1749
71129,1750
71162,1751
71218,1752
71240,1753
71266,1754
71294,1755
71328,1756
71353,1757
71373,1758
71418,1759
71439,1760
71461,1761
71485,1762
71643,1763
71665,1764
71726,1765
71758,1766
71828,1767
71852,1768
71910,1769
71945,1770
71970,1771
72014,1772
72031,1773
72048,1774
72070,1775
72089,1776
72117,1777
72134,1778
72160,1779
72190,1780
72219,1781
72319,1782
72339,1783
72365,1784
72390,1785
72417,1786
72437,1787
72458,1788
72478,1789
72527,1790
72546,1791
72573,1792
72617,1793
72641,1794
72666,1795
72704,1796
72734,1797
72757,1798
72812,1799
72840,1800
72865,1801
72927,1802
72948,1803
73008,1804
73025,1805
73044,1806
73063,1807
73082,1808
73104,1809
73121,1810
73140,1811
73157,1812
73190,1813
73438,1814
73460,1815
73526,1816
73544,1817
73562,1818
73627,1819
73659,1820
73717,1821
73738,1822
73760,1823
73840,1824
73933,1825
74005,1826
74026,1827
74044,1828
74063,1829
74083,1830
74119,1831
74146,1832
74186,1833
74345,1834
74367,1835
74432,1836
74454,1837
74472,1838
74540,1839
74563,1840
74633,1841
74722,1842
74743,1843
74804,1844
74840,1845
74865,1846
74931,1847
74953,1848
75010,1849
75029,1850
75049,1851
75070,1852
75091,1853
75116,1854
75141,1855
75159,1856
75189,1857
75218,1858
75235,1859
75254,1860
75303,1861
75368,1862
75394,1863
75417,1864
75437,1865
75455,1866
75477,1867
75495,1868
75562,1869
75604,1870
75644,1871
75667,1872
75692,1873
75751,1874
75773,1875
75802,1876
75851,1877
75903,1878
75941,1879
75965,1880
76004,1881
76021,1882
76051,1883
76073,1884
76101,1885
76118,1886
76137,1887
76191,1888
76210,1889
76249,1890
76271,1891
76363,1892
76389,1893
76444,1894
76464,1895
76487,1896
76526,1897
76549,1898
76577,1899
76632,1900
76651,1901
76678,1902
76704,1903
76804,1904
76848,1905
76871,1906
76902,1907
76943,1908
77009,1909
77026,1910
77043,1911
77060,1912
77077,1913
77094,1914
77215,1915
77233,1916
77254,1917
77273,1918
77301,1919
77334,1920
77351,1921
77372,1922
77389,1923
77418,1924
77441,1925
77458,1926
77477,1927
77496,1928
77517,1929
77542,1930
77566,1931
77588,1932
77625,1933
77659,1934
77713,1935
77837,1936
77863,1937
77901,1938
77970,1939
77991,1940
78014,1941
78042,1942
78064,1943
78109,1944
78132,1945
78156,1946
78211,1947
78228,1948
78245,1949
78263,1950
78293,1951
78343,1952
78368,1953
78387,1954
78413,1955
78480,1956
78540,1957
78562,1958
78580,1959
78599,1960
78619,1961
78638,1962
78657,1963
78675,1964
78712,1965
78729,1966
78748,1967
78765,1968
78830,1969
78860,1970
78934,1971
78954,1972
79012,1973
79035,1974
79059,1975
79083,1976
79104,1977
79166,1978
79233,1979
79256,1980
79331,1981
79359,1982
79382,1983
79423,1984
79508,1985
79533,1986
79553,1987
79697,1988
79719,1989
79749,1990
79772,1991
79835,1992
79901,1993
79920,1994
79940,1995
79960,1996
80006,1997
80025,1998
80047,1999
80120,2000
80137,2001
80207,2002
80225,2003
80244,2004
80266,2005
80308,2006
80429,2007
80449,2008
80471,2009
80502,2010
80526,2011
80545,2012
80622,2013
80650,2014
80733,2015
80755,2016
80817,2017
80834,2018
80907,2019
80924,2020
80942,2021
81005,2022
81030,2023
81055,2024
81089,2025
81132,2026
81155,2027
81231,2028
81301,2029
81401,2030
81427,2031
81521,2032
81625,2033
81647,2034
82008,2035
82073,2036
82223,2037
82329,2038
82430,2039
82516,2040
82639,2041
82720,2042
82838,2043
82935,2044
83101,2045
83128,2046
83221,2047
83244,2048
83277,2049
83321,2050
83342,2051
83406,2052
83438,2053
83463,2054
83535,2055
83555,2056
83626,2057
83644,2058
83670,2059
83711,2060
83735,2061
83816,2062
83841,2063
83858,2064
84002,2065
84021,2066
84039,2067
84057,2068
84074,2069
84092,2070
84111,2071
84128,2072
84152,2073
84306,2074
84323,2075
84340,2076
84513,2077
84535,2078
84626,2079
84644,2080
84665,2081
84725,2082
84743,2083
84761,2084
84782,2085
85013,2086
85030,2087
85048,2088
85072,2089
85120,2090
85147,2091
85212,2092
85252,2093
85271,2094
85301,2095
85324,2096
85342,2097
85359,2098
85378,2099
85532,2100
85552,2101
85617,2102
85634,2103
85655,2104
85713,2105
85732,2106
85749,2107
85925,2108
85942,2109
86028,2110
86047,2111
86324,2112
86343,2113
86432,2114
86504,2115
86556,2116
87018,2117
87038,2118
87061,2119
87110,2120
87153,2121
87198,2122
87325,2123
87418,2124
87511,2125
87529,2126
87552,2127
87576,2128
87718,2129
87746,2130
87832,2131
88005,2132
88030,2133
88049,2134
88112,2135
88134,2136
88244,2137
88312,2138
88343,2139
88415,2140
88510,2141
88529,2142
88547,2143
88567,2144
88584,2145
89008,2146
89025,2147
89044,2148
89085,2149
89115,2150
89132,2151
89149,2152
89166,2153
89314,2154
89413,2155
89432,2156
89451,2157
89515,2158
89711,2159
89831,2160
90012,2161
90029,2162
90046,2163
90063,2164
90080,2165
90201,2166
90240,2167
90266,2168
90302,2169
90407,2170
90603,2171
90637,2172
90706,2173
90740,2174
90808,2175
90848,2176
91023,2177
91106,2178
91184,2179
91222,2180
91319,2181
91341,2182
91361,2183
91390,2184
91412,2185
91507,2186
91611,2187
91722,2188
91746,2189
91767,2190
91791,2191
91911,2192
91945,2193
92009,2194
92030,2195
92060,2196
92083,2197
92109,2198
92127,2199
92149,2200
92171,2201
92196,2202
92232,2203
92253,2204
92274,2205
92309,2206
92328,2207
92347,2208
92374,2209
92399,2210
92502,2211
92530,2212
92557,2213
92590,2214
92615,2215
92648,2216
92673,2217
92698,2218
92801,2219
92823,2220
92850,2221
92878,2222
93009,2223
93034,2224
93099,2225
93140,2226
93218,2227
93240,2228
93260,2229
93280,2230
93309,2231
93405,2232
93432,2233
93450,2234
93502,2235
93528,2236
93551,2237
93596,2238
93616,2239
93636,2240
93653,2241
93702,2242
93721,2243
93755,2244
93792,2245
93924,2246
93962,2247
94026,2248
94064,2249
94108,2250
94126,2251
94146,2252
94208,2253
94250,2254
94278,2255
94297,2256
94503,2257
94521,2258
94539,2259
94557,2260
94574,2261
94592,2262
94612,2263
94666,2264
94805,2265
94925,2266
94948,2267
94972,2268
95008,2269
95031,2270
95053,2271
95077,2272
95122,2273
95140,2274
95172,2275
95210,2276
95231,2277
95254,2278
95312,2279
95330,2280
95352,2281
95372,2282
95391,2283
95420,2284
95439,2285
95459,2286
95481,2287
95519,2288
95546,2289
95565,2290
95607,2291
95625,2292
95642,2293
95663,2294
95680,2295
95697,2296
95735,2297
95813,2298
95830,2299
95864,2300
95920,2301
95940,2302
95958,2303
95976,2304
96003,2305
96024,2306
96047,2307
96067,2308
96089,2309
96109,2310
96126,2311
96148,2312
96703,2313
96721,2314
96742,2315
96760,2316
96778,2317
96797,2318
96817,2319
96841,2320
96940,2321
97008,2322
97027,2323
97045,2324
97068,2325
97110,2326
97130,2327
97149,2328
97217,2329
97238,2330
97283,2331
97309,2332
97335,2333
97358,2334
97378,2335
97404,2336
97424,2337
97446,2338
97464,2339
97487,2340
97520,2341
97539,2342
97630,2343
97710,2344
97750,2345
97819,2346
97841,2347
97869,2348
97905,2349
98006,2350
98026,2351
98043,2352
98065,2353
98103,2354
98121,2355
98148,2356
98188,2357
98223,2358
98241,2359
98261,2360
98281,2361
98305,2362
98331,2363
98351,2364
98368,2365
98387,2366
98407,2367
98438,2368
98497,2369
98522,2370
98544,2371
98565,2372
98586,2373
98606,2374
98626,2375
98649,2376
98682,2377
98821,2378
98843,2379
98862,2380
98934,2381
98953,2382
99021,2383
99102,2384
99123,2385
99143,2386
99161,2387
99203,2388
99220,2389
99328,2390
99352,2391
99504,2392
99522,2393
99556,2394
99576,2395
99604,2396
99624,2397
99641,2398
99660,2399
99678,2400
99695,2401
99721,2402
99740,2403
99757,2404
99774,2405
99802,2406
99841,2407
99950,2408
